Fanapi,50.0,-173.0,0,970
Gertrude,47.0,-135.5,0,1001
Gertrude,47.5,-133.5,0,995
Hassina,49.0,-179.5,0,960
Gertrude,46.5,-130.5,0,997
Hassina,49.0,-177.0,0,963
Gertrude,47.5,-125.0,0,1002
Hassina,49.0,-174.0,0,966
Hassina,58.0,-165.0,0,965
Gertrude,36.5,-117.0,0,994
Hassina,59.5,-165.5,0,963
Gertrude,36.5,-117.0,0,994
Hassina,59.5,-167.0,0,966
Gertrude,36.5,-117.0,0,997
Hassina,58.5,-167.0,0,970
Hassina,59.0,-163.0,0,974
Iggy,38.5,-121.0,0,997
Jodega,58.5,-158.0,0,962
Kung,38.0,-178.0,0,1004
Jodega,60.0,-145.0,0,988
Kung,39.0,-176.5,0,1000
Kung,39.5,-175.5,0,997
Kung,39.5,-174.5,0,995
Kung,39.5,-173.5,0,995
Kung,38.5,-173.0,0,999
Kung,38.0,-172.0,0,1002
Kung,38.0,-171.5,0,1004
Laika,46.0,-133.0,0,1001
Laika,44.0,-129.0,0,982
Laika,42.5,-125.5,0,972
Laika,41.5,-124.0,0,982
Laika,43.0,-121.0,0,990
Maeva,69.5,-177.5,0,978
Laika,44.0,-120.0,0,994
Natanik,47.5,-158.5,0,983
Natanik,49.0,-157.0,49,975
Natanik,50.5,-155.5,58,971
Natanik,51.5,-153.5,54,970
Natanik,53.0,-152.5,50,974
Laika,38.0,-110.5,38,998
Natanik,52.5,-151.0,43,978
Natanik,52.5,-149.5,44,982
Natanik,52.5,-148.5,35,987
Osage,42.5,-139.5,45,989
Osage,41.5,-140.0,45,988
